{"durations":[[0,1203.86,2911.4,1387.45,1373.79,1177.57,1474.31,1124.06,1366.99,2672.39,2390.3,2705.24,1792.15,1471.31,2048.38,3068.97,1267.56,1227.79,1443.56,1366.99],[1203.86,0,1814.79,403.26,318.64,665.4,490.12,1557.24,382.8,1606.06,1496.19,1721.04,807.96,977.99,995.63,2002.64,63.71,241.43,342.29,382.8],[2911.4,1814.79,0,1724.13,1588.72,1895.55,1533.18,3202.87,1639.06,673.42,2014.28,1811.74,1229.26,2085.87,1031.21,1106.99,1713.62,1764.46,1527.09,1639.06],[1387.45,403.26,1724.13,0,251.54,1043.6,268.29,1660.18,147.86,1466.37,1274.36,1499.22,586.14,889.46,842.37,1862.95,353.92,619.63,732.47,147.86],[1373.79,318.64,1588.72,251.54,0,887.48,329.24,1646.52,230.59,1417.45,1335.31,1471.16,558.07,950.41,807.03,1814.04,254.93,445.58,549.54,230.59],[1177.57,665.4,1895.55,1043.6,887.48,0,1130.45,1772.68,1023.14,1974.68,2136.52,2204.92,1291.83,1396.29,1446.79,2371.26,729.11,455.78,478.22,1023.14],[1474.31,490.12,1533.18,268.29,329.24,1130.45,0,1747.04,183.23,1237.68,1127.81,1270.53,357.44,814.73,613.67,1634.26,440.78,706.48,721.02,183.23],[1124.06,1557.24,3202.87,1660.18,1646.52,1772.68,1747.04,0,1639.72,2742.19,1952.27,2354.9,2064.88,1245.24,2217.41,2946.15,1558.43,1647.92,1807.16,1639.72],[1366.99,382.8,1639.06,147.86,230.59,1023.14,183.23,1639.72,0,1381.31,1189.3,1414.16,501.08,804.4,757.31,1777.89,333.46,599.17,712.01,0],[2672.39,1606.06,673.42,1466.37,1417.45,1974.68,1237.68,2742.19,1381.31,0,1343.76,1141.22,886.83,1609.96,624,436.47,1542.35,1744.66,1580.63,1381.31],[2390.3,1496.19,2014.28,1274.36,1335.31,2136.52,1127.81,1952.27,1189.3,1343.76,0,433.12,1145.35,962.74,1141.27,1114.4,1446.85,1712.55,1825.39,1189.3],[2705.24,1721.04,1811.74,1499.22,1471.16,2204.92,1270.53,2354.9,1414.16,1141.22,433.12,0,958.92,1381.2,987.77,776.8,1596.05,1781.53,1812.18,1414.16],[1792.15,807.96,1229.26,586.14,558.07,1291.83,357.44,2064.88,501.08,886.83,1145.35,958.92,0,1047.93,262.83,1283.42,682.97,868.45,808.61,501.08],[1471.31,977.99,2085.87,889.46,950.41,1396.29,814.73,1245.24,804.4,1609.96,962.74,1381.2,1047.93,0,1085.17,1846.5,928.66,1141.58,1254.42,804.4],[2048.38,995.63,1031.21,842.37,807.03,1446.79,613.67,2217.41,757.31,624,1141.27,987.77,262.83,1085.17,0,1020.59,931.92,1134.23,970.21,757.31],[3068.97,2002.64,1106.99,1862.95,1814.04,2371.26,1634.26,2946.15,1777.89,436.47,1114.4,776.8,1283.42,1846.5,1020.59,0,1938.93,2141.24,1977.22,1777.89],[1267.56,63.71,1713.62,353.92,254.93,729.11,440.78,1558.43,333.46,1542.35,1446.85,1596.05,682.97,928.66,931.92,1938.93,0,305.14,406,333.46],[1227.79,241.43,1764.46,619.63,445.58,455.78,706.48,1647.92,599.17,1744.66,1712.55,1781.53,868.45,1141.58,1134.23,2141.24,305.14,0,319.23,599.17],[1443.56,342.29,1527.09,732.47,549.54,478.22,721.02,1807.16,712.01,1580.63,1825.39,1812.18,808.61,1254.42,970.21,1977.22,406,319.23,0,712.01],[1366.99,382.8,1639.06,147.86,230.59,1023.14,183.23,1639.72,0,1381.31,1189.3,1414.16,501.08,804.4,757.31,1777.89,333.46,599.17,712.01,0]],"destinations":[{"location":[13.41005,52.53217],"snapped_distance":6.61},{"location":[13.403366,52.520385],"snapped_distance":33.7},{"location":[13.398388,52.504296],"snapped_distance":40.82},{"location":[13.397438,52.520724],"snapped_distance":62.69},{"location":[13.400673,52.518966],"snapped_distance":29.33},{"location":[13.413438,52.522101],"snapped_distance":15.99},{"location":[13.39687,52.51854],"snapped_distance":43.54},{"location":[13.390431,52.534952],"snapped_distance":19.75},{"location":[13.397558,52.519971],"snapped_distance":19.12},{"location":[13.390433,52.507446],"snapped_distance":2.86},{"location":[13.376933,52.518614],"snapped_distance":50.44},{"location":[13.378584,52.513947],"snapped_distance":8.68},{"location":[13.39449,52.51571],"snapped_distance":22.68},{"location":[13.388832,52.524423],"snapped_distance":54.83},{"location":[13.392504,52.513712],"snapped_distance":11.3},{"location":[13.381836,52.507196],"snapped_distance":19.13},{"location":[13.402369,52.51987],"snapped_distance":38.19},{"location":[13.407111,52.520705],"snapped_distance":10.49},{"location":[13.408155,52.518656],"snapped_distance":53.54},{"location":[13.397558,52.519971],"snapped_distance":19.13}],"sources":[{"location":[13.41005,52.53217],"snapped_distance":6.61},{"location":[13.403366,52.520385],"snapped_distance":33.7},{"location":[13.398388,52.504296],"snapped_distance":40.82},{"location":[13.397438,52.520724],"snapped_distance":62.69},{"location":[13.400673,52.518966],"snapped_distance":29.33},{"location":[13.413438,52.522101],"snapped_distance":15.99},{"location":[13.39687,52.51854],"snapped_distance":43.54},{"location":[13.390431,52.534952],"snapped_distance":19.75},{"location":[13.397558,52.519971],"snapped_distance":19.12},{"location":[13.390433,52.507446],"snapped_distance":2.86},{"location":[13.376933,52.518614],"snapped_distance":50.44},{"location":[13.378584,52.513947],"snapped_distance":8.68},{"location":[13.39449,52.51571],"snapped_distance":22.68},{"location":[13.388832,52.524423],"snapped_distance":54.83},{"location":[13.392504,52.513712],"snapped_distance":11.3},{"location":[13.381836,52.507196],"snapped_distance":19.13},{"location":[13.402369,52.51987],"snapped_distance":38.19},{"location":[13.407111,52.520705],"snapped_distance":10.49},{"location":[13.408155,52.518656],"snapped_distance":53.54},{"location":[13.397558,52.519971],"snapped_distance":19.13}],"metadata":{"attribution":"openrouteservice.org | OpenStreetMap contributors","service":"matrix","timestamp":1627375238769,"query":{"locations":[[13.4100018,52.5321182],[13.4036905,52.5201544],[13.3981579,52.5039563],[13.3969,52.521183],[13.401078,52.5190608],[13.413306,52.52198139999999],[13.3969499,52.5181519],[13.3901898,52.53505209999999],[13.3976459,52.5201349],[13.3903913,52.5074434],[13.3761871,52.51862020000001],[13.3787126,52.5139474],[13.3948097,52.5157702],[13.388821,52.52393],[13.3926698,52.5137224],[13.3818647,52.50702469999999],[13.4027331,52.5196077],[13.4071221,52.5206108],[13.4086443,52.51827749999999],[13.3976462,52.5201349]],"profile":"foot-walking","responseType":"json"},"engine":{"version":"6.6.1","build_date":"2021-07-05T10:57:48Z","graph_date":"2021-07-20T02:19:54Z"}}}